t = 0
b = 20 20 20
E = 0 0 0
-0.20544728809 -0.20544728809 0.29054634117 1.0 1.0 0.0 0.0 0.0 -1.0 0.0 0.0 0.0 0.0 0.0 0.0
0.20544728809 -0.20544728809 0.29054634117 1.0 1.0 0.0 0.0 0.0 -1.0 0.0 0.0 0.0 0.0 0.0 0.0
