t = 1000000
b = 20 20 20
E = 4.13009786068946e-07 4.13009786068946e-07 0
-0.195581158958563 -0.207574516575075 0.286977247355501 0.707106793288165 0.707106793288165 0 0 0 -1 0.00156464750236057 -0.000200181666993047 -0.000320998936092389 0.000313864565968473 -0.000836455797617783 -0.000166471404765319
0.212573180049523 -0.198451702516302 0.313099532040783 0.707106793288165 0.707106793288165 0 0 0 -1 0.000134554606735576 0.000687017375634454 0.00221940864171838 -0.000183786945803228 0.000191885111916517 -0.000458956796391996
