t = 1000000
b = 20 20 20
E = 0.00127709226544587 0.00127709226544587 0
11.0535867618383 61.8457855445047 -46.4557485385124 0.707106793288165 0.707106793288165 0 0 0 -1 -0.0461964195849474 0.0299284266930565 0.00440264555613611 0.0299425311236987 -0.00958566684953038 -0.0262345892537087
10.6086319782035 61.7872704710879 -46.5364676830212 0.707106793288165 0.707106793288165 0 0 0 -1 0.0514039889261575 0.0530573511197948 0.0151935276211631 -0.0495212818879755 0.0266538414136433 -0.0542150051442142
