t = 1000000
b = 20 20 20
E = 0.0105151749844252 0.0105151749844252 0
-1.61716809452324 175.302328510026 -75.8248432781302 0.707106793288165 0.707106793288165 0 0 0 -1 0.0340212958591728 -0.23526828521771 0.0283562101990967 -0.106879014605251 0.215949430495955 0.101058377054348
-1.8861155782281 175.495756081865 -75.7673177338457 0.707106793288165 0.707106793288165 0 0 0 -1 -0.0158406228654494 0.121777112021429 0.140622480828361 -0.0136412307485904 0.0121744978837919 -0.0658059292047622
