t = 2000000
b = 20 20 20
E = 0.130010780864585 0.130010780864585 0
52.1635728993753 -40.9928194029989 -0.157721595522703 0.707106793288165 0.707106793288165 0 0 0 -1 0 0 0 0 0 0
51.9741236182301 -40.2901304569593 1.05255609074139 0.707106793288165 0.707106793288165 0 0 0 -1 0 0 0 0 0 0
