t = 200000
b = 20 20 20
E = 0.0921533699895873 0.0921533699895873 0
14.2880268642198 45.4003535929998 -34.4965125472052 0.707106793288165 0.707106793288165 0 0 0 -1 0.2 0.1 0.2 0.8 0.3 0.5
14.5252215597801 44.970220476084 -34.5633444116311 0.707106793288165 0.707106793288165 0 0 0 -1 0.2 0.1 0.2 0.8 0.3 0.5
