t = 10000
b = 20 20 20
E = 0.00798488832620974 0.00798488832620974 0
-0.378280109441246 -0.2209426925359 0.326467726775073 0.707106793288165 0.707106793288165 0 0 0 -1 0 0 0 0 0 0
0.181172938877321 -0.0641143184693362 0.50431394262857 0.707106793288165 0.707106793288165 0 0 0 -1 0 0 0 0 0 0
