t = 200000
b = 20 20 20
E = 0.110902680951498 0.110902680951498 0
13.4884282498942 26.9231174863354 -18.4621785780015 0.707106793288165 0.707106793288165 0 0 0 -1 0 0 0 0 0 0
13.7854477966663 27.3435830713513 -18.2868829329049 0.707106793288165 0.707106793288165 0 0 0 -1 0 0 0 0 0 0
