t = 10000
b = 20 20 20
E = 0.00255309851564509 0.00255309851564509 0
-0.577986550201949 -0.135989277751317 0.308314612140483 0.707106793288165 0.707106793288165 0 0 0 -1 0 0 0 0 0 0
-0.0800638491232171 0.102217375856938 0.279613800586961 0.707106793288165 0.707106793288165 0 0 0 -1 0 0 0 0 0 0
