t = 2000000
b = 20 20 20
E = 0.126447150720578 0.126447150720578 0
-3184.94553706602 915.060391992927 1336.16326883727 0.707106793288165 0.707106793288165 0 0 0 -1 0.447147179123031 -0.151450896262053 0.621974789660336 -0.0965065461668863 0.0651227115257576 -0.279278312518269
-3184.7143546027 914.289134362355 1337.53464016287 0.707106793288165 0.707106793288165 0 0 0 -1 -0.248596372196951 0.329538998111226 0.194082403991868 -0.306338082373453 -0.138015646964386 0.171803047514971
