t = 200000
b = 20 20 20
E = 0.129485087775474 0.129485087775474 0
12.5831461277631 28.3005699624751 -31.8643759012536 0.707106793288165 0.707106793288165 0 0 0 -1 0 0 0 0 0 0
12.6099806645473 27.8692519457859 -32.2625445131709 0.707106793288165 0.707106793288165 0 0 0 -1 0 0 0 0 0 0
